/home/kiran/Documents/Facerec/databases/ORL/s1
printing return list
[13482.07665159128, 19066.535649634036, 19066.535649634036, 19066.535649634036, 26964.153303182564, 19066.535649634036, 19066.535649634036, 26964.153303182564, 26964.153303182564, 19066.535649634036, 19066.535649634036, 26964.153303182564, 26964.153303182564, 26964.153303182564]
printing return list
[14429.3755085106, 20406.21854070987, 20406.21854070987, 20406.21854070987, 28858.751017021208, 20406.21854070987, 20406.21854070987, 28858.751017021208, 28858.751017021208, 20406.21854070987, 20406.21854070987, 28858.751017021208, 28858.751017021208, 28858.751017021208]
printing return list
[13650.87019784754, 19305.245771990689, 19305.245771990685, 19305.245771990685, 27301.740395695084, 19305.245771990689, 19305.245771990689, 27301.740395695084, 27301.740395695084, 19305.245771990685, 19305.245771990685, 27301.740395695084, 27301.740395695084, 27301.740395695084]
printing return list
[13027.435460992099, 18423.575911875225, 18423.575911875221, 18423.575911875221, 26054.870921984202, 18423.575911875225, 18423.575911875225, 26054.870921984202, 26054.870921984202, 18423.575911875221, 18423.575911875221, 26054.870921984202, 26054.870921984202, 26054.870921984202]
printing return list
[14538.341623553235, 20560.319898442271, 20560.319898442267, 20560.319898442267, 29076.683247106474, 20560.319898442271, 20560.319898442271, 29076.683247106474, 29076.683247106474, 20560.319898442267, 20560.319898442267, 29076.683247106474, 29076.683247106474, 29076.683247106474]
printing return list
[14492.739585172225, 20495.828877291988, 20495.828877291984, 20495.828877291984, 28985.479170344453, 20495.828877291988, 20495.828877291988, 28985.479170344453, 28985.479170344453, 20495.828877291984, 20495.828877291984, 28985.479170344453, 28985.479170344453, 28985.479170344453]
printing return list
[13626.566843195142, 19270.875638230104, 19270.875638230104, 19270.875638230104, 27253.133686390287, 19270.875638230104, 19270.875638230104, 27253.133686390287, 27253.133686390287, 19270.875638230104, 19270.875638230104, 27253.133686390287, 27253.133686390287, 27253.133686390287]
printing return list
[13034.567860168563, 18433.662647522837, 18433.662647522833, 18433.662647522833, 26069.13572033713, 18433.662647522837, 18433.662647522837, 26069.13572033713, 26069.13572033713, 18433.662647522833, 18433.662647522833, 26069.13572033713, 26069.13572033713, 26069.13572033713]
printing return list
[13459.585950873232, 19034.728995651298, 19034.728995651298, 19034.728995651298, 26919.171901746467, 19034.728995651298, 19034.728995651298, 26919.171901746467, 26919.171901746467, 19034.728995651298, 19034.728995651298, 26919.171901746467, 26919.171901746467, 26919.171901746467]
printing return list
[15022.15275056334, 21244.532155886973, 21244.532155886973, 21244.532155886973, 30044.305501126688, 21244.532155886973, 21244.532155886973, 30044.305501126688, 30044.305501126688, 21244.532155886973, 21244.532155886973, 30044.305501126688, 30044.305501126688, 30044.305501126688]
Printing eigen vectors of all the images
[[13482.07665159128, 19066.535649634036, 19066.535649634036, 19066.535649634036, 26964.153303182564, 19066.535649634036, 19066.535649634036, 26964.153303182564, 26964.153303182564, 19066.535649634036, 19066.535649634036, 26964.153303182564, 26964.153303182564, 26964.153303182564], [14429.3755085106, 20406.21854070987, 20406.21854070987, 20406.21854070987, 28858.751017021208, 20406.21854070987, 20406.21854070987, 28858.751017021208, 28858.751017021208, 20406.21854070987, 20406.21854070987, 28858.751017021208, 28858.751017021208, 28858.751017021208], [13650.87019784754, 19305.245771990689, 19305.245771990685, 19305.245771990685, 27301.740395695084, 19305.245771990689, 19305.245771990689, 27301.740395695084, 27301.740395695084, 19305.245771990685, 19305.245771990685, 27301.740395695084, 27301.740395695084, 27301.740395695084], [13027.435460992099, 18423.575911875225, 18423.575911875221, 18423.575911875221, 26054.870921984202, 18423.575911875225, 18423.575911875225, 26054.870921984202, 26054.870921984202, 18423.575911875221, 18423.575911875221, 26054.870921984202, 26054.870921984202, 26054.870921984202], [14538.341623553235, 20560.319898442271, 20560.319898442267, 20560.319898442267, 29076.683247106474, 20560.319898442271, 20560.319898442271, 29076.683247106474, 29076.683247106474, 20560.319898442267, 20560.319898442267, 29076.683247106474, 29076.683247106474, 29076.683247106474], [14492.739585172225, 20495.828877291988, 20495.828877291984, 20495.828877291984, 28985.479170344453, 20495.828877291988, 20495.828877291988, 28985.479170344453, 28985.479170344453, 20495.828877291984, 20495.828877291984, 28985.479170344453, 28985.479170344453, 28985.479170344453], [13626.566843195142, 19270.875638230104, 19270.875638230104, 19270.875638230104, 27253.133686390287, 19270.875638230104, 19270.875638230104, 27253.133686390287, 27253.133686390287, 19270.875638230104, 19270.875638230104, 27253.133686390287, 27253.133686390287, 27253.133686390287], [13034.567860168563, 18433.662647522837, 18433.662647522833, 18433.662647522833, 26069.13572033713, 18433.662647522837, 18433.662647522837, 26069.13572033713, 26069.13572033713, 18433.662647522833, 18433.662647522833, 26069.13572033713, 26069.13572033713, 26069.13572033713], [13459.585950873232, 19034.728995651298, 19034.728995651298, 19034.728995651298, 26919.171901746467, 19034.728995651298, 19034.728995651298, 26919.171901746467, 26919.171901746467, 19034.728995651298, 19034.728995651298, 26919.171901746467, 26919.171901746467, 26919.171901746467], [15022.15275056334, 21244.532155886973, 21244.532155886973, 21244.532155886973, 30044.305501126688, 21244.532155886973, 21244.532155886973, 30044.305501126688, 30044.305501126688, 21244.532155886973, 21244.532155886973, 30044.305501126688, 30044.305501126688, 30044.305501126688]]
